0.369161 0.000010 0.000010 0.000010 0.551105 0.000010 0.000010 0.000010 0.000010 0.079663
0.382465 0.000010 0.000010 0.000010 0.617455 0.000010 0.000010 0.000010 0.000010 0.000010
0.999910 0.000010 0.000010 0.000010 0.000010 0.000010 0.000010 0.000010 0.000010 0.000010
0.416679 0.000010 0.000010 0.000010 0.401103 0.009864 0.000010 0.000010 0.000010 0.172294
0.000010 0.000010 0.000010 0.000010 0.999910 0.000010 0.000010 0.000010 0.000010 0.000010
0.000010 0.000010 0.000010 0.000010 0.000010 0.639772 0.360148 0.000010 0.000010 0.000010
0.000010 0.000010 0.000010 0.000010 0.408450 0.296938 0.154597 0.101365 0.000010 0.038600
0.000010 0.133746 0.000010 0.000010 0.000010 0.303277 0.000010 0.411799 0.151117 0.000010
0.818400 0.000010 0.000010 0.000010 0.000010 0.000010 0.000010 0.000010 0.000010 0.181520
0.314409 0.000010 0.000010 0.000010 0.617975 0.000010 0.000010 0.000010 0.000010 0.067547
0.000010 0.000010 0.000010 0.000010 0.000010 0.000010 0.999910 0.000010 0.000010 0.000010
0.000010 0.000010 0.000010 0.094326 0.000010 0.312018 0.593586 0.000010 0.000010 0.000010
0.000010 0.000010 0.000010 0.999910 0.000010 0.000010 0.000010 0.000010 0.000010 0.000010
0.000010 0.000010 0.000010 0.000010 0.000010 0.218350 0.255305 0.388163 0.138122 0.000010
0.000010 0.256398 0.000010 0.151479 0.000010 0.365706 0.000010 0.100836 0.125531 0.000010
0.265081 0.000010 0.000010 0.000010 0.734839 0.000010 0.000010 0.000010 0.000010 0.000010
0.999910 0.000010 0.000010 0.000010 0.000010 0.000010 0.000010 0.000010 0.000010 0.000010
0.000010 0.342969 0.000010 0.000010 0.000010 0.000010 0.000010 0.000010 0.656951 0.000010
0.000010 0.000010 0.000010 0.196003 0.000010 0.000010 0.803917 0.000010 0.000010 0.000010
0.000010 0.000010 0.000010 0.000010 0.000010 0.000010 0.000010 0.239863 0.760057 0.000010
0.000010 0.000010 0.000010 0.000010 0.000010 0.000010 0.470020 0.000010 0.529900 0.000010
0.000010 0.000010 0.000010 0.999910 0.000010 0.000010 0.000010 0.000010 0.000010 0.000010
0.000010 0.000010 0.000010 0.537959 0.000010 0.000010 0.461961 0.000010 0.000010 0.000010
0.000010 0.000010 0.999910 0.000010 0.000010 0.000010 0.000010 0.000010 0.000010 0.000010
0.000010 0.000010 0.999910 0.000010 0.000010 0.000010 0.000010 0.000010 0.000010 0.000010
0.000010 0.999910 0.000010 0.000010 0.000010 0.000010 0.000010 0.000010 0.000010 0.000010
0.626454 0.000010 0.000010 0.000010 0.373466 0.000010 0.000010 0.000010 0.000010 0.000010
0.999910 0.000010 0.000010 0.000010 0.000010 0.000010 0.000010 0.000010 0.000010 0.000010
0.000010 0.799454 0.000010 0.000010 0.000010 0.200466 0.000010 0.000010 0.000010 0.000010
0.000010 0.000010 0.000010 0.000010 0.000010 0.000010 0.000010 0.999910 0.000010 0.000010
0.000010 0.000010 0.000010 0.000010 0.635599 0.000010 0.000010 0.000010 0.000010 0.364321
0.000010 0.000010 0.000010 0.000010 0.999910 0.000010 0.000010 0.000010 0.000010 0.000010
0.000010 0.000010 0.999910 0.000010 0.000010 0.000010 0.000010 0.000010 0.000010 0.000010
0.000010 0.000010 0.000010 0.000010 0.000010 0.000010 0.000010 0.000010 0.000010 0.999910
0.000010 0.000010 0.000010 0.000010 0.000010 0.000010 0.000010 0.000010 0.000010 0.999910
0.999910 0.000010 0.000010 0.000010 0.000010 0.000010 0.000010 0.000010 0.000010 0.000010
0.000010 0.000010 0.000010 0.000010 0.000010 0.000010 0.000010 0.000010 0.000010 0.999910
0.000010 0.999910 0.000010 0.000010 0.000010 0.000010 0.000010 0.000010 0.000010 0.000010
0.000010 0.235498 0.000010 0.300028 0.000010 0.464404 0.000010 0.000010 0.000010 0.000010
0.000010 0.015258 0.000010 0.000010 0.000010 0.134361 0.504801 0.345520 0.000010 0.000010
0.000010 0.022579 0.000010 0.251439 0.000010 0.334370 0.179149 0.000010 0.212414 0.000010
0.419948 0.023990 0.118797 0.001409 0.061621 0.065199 0.017094 0.065615 0.012036 0.214292
0.000010 0.629946 0.000010 0.000010 0.000010 0.000010 0.369974 0.000010 0.000010 0.000010
0.000010 0.757512 0.000010 0.000010 0.000010 0.242408 0.000010 0.000010 0.000010 0.000010
0.000010 0.338425 0.000010 0.365552 0.000010 0.264244 0.031719 0.000010 0.000010 0.000010
0.000010 0.999910 0.000010 0.000010 0.000010 0.000010 0.000010 0.000010 0.000010 0.000010
0.000010 0.000010 0.000010 0.000010 0.768459 0.000010 0.000010 0.000010 0.000010 0.231461
0.000010 0.999910 0.000010 0.000010 0.000010 0.000010 0.000010 0.000010 0.000010 0.000010
0.000010 0.341192 0.000010 0.658728 0.000010 0.000010 0.000010 0.000010 0.000010 0.000010
0.000010 0.000010 0.000010 0.401139 0.000010 0.000010 0.598781 0.000010 0.000010 0.000010
0.000010 0.127137 0.000010 0.116090 0.000010 0.378095 0.378618 0.000010 0.000010 0.000010
0.000010 0.405832 0.000010 0.060018 0.000010 0.136753 0.397338 0.000010 0.000010 0.000010
0.000010 0.683823 0.000010 0.000010 0.000010 0.000010 0.316097 0.000010 0.000010 0.000010
0.040477 0.000010 0.000010 0.000010 0.000010 0.217625 0.000010 0.481356 0.029095 0.231397
0.000010 0.000010 0.000010 0.000010 0.000010 0.171991 0.224060 0.416636 0.187253 0.000010
0.000010 0.000010 0.000010 0.000010 0.000010 0.527216 0.219731 0.000010 0.252983 0.000010
0.000010 0.182974 0.000010 0.816946 0.000010 0.000010 0.000010 0.000010 0.000010 0.000010
0.000010 0.000010 0.000010 0.000010 0.000010 0.000010 0.000010 0.999910 0.000010 0.000010
0.000010 0.051787 0.000010 0.276800 0.000010 0.000010 0.000010 0.671343 0.000010 0.000010
0.000010 0.000010 0.000010 0.000010 0.000010 0.000010 0.000010 0.999910 0.000010 0.000010
0.000010 0.000010 0.000010 0.000010 0.000010 0.000010 0.000010 0.000010 0.999910 0.000010
0.000010 0.644983 0.000010 0.000010 0.000010 0.000010 0.354937 0.000010 0.000010 0.000010
0.000010 0.730521 0.000010 0.269399 0.000010 0.000010 0.000010 0.000010 0.000010 0.000010
0.000010 0.000010 0.000010 0.705117 0.000010 0.000010 0.000010 0.294803 0.000010 0.000010
0.000010 0.000010 0.000010 0.405862 0.000010 0.000010 0.000010 0.594058 0.000010 0.000010
0.000010 0.308130 0.000010 0.364628 0.000010 0.000010 0.327172 0.000010 0.000010 0.000010
0.000010 0.000010 0.000010 0.999910 0.000010 0.000010 0.000010 0.000010 0.000010 0.000010
0.000010 0.000010 0.000010 0.000010 0.000010 0.000010 0.000010 0.000010 0.999910 0.000010
0.000010 0.000010 0.000010 0.000010 0.000010 0.000010 0.472240 0.452137 0.075553 0.000010
0.000010 0.049853 0.000010 0.044517 0.000010 0.000010 0.000010 0.000010 0.905561 0.000010
0.271557 0.000010 0.000010 0.000010 0.000010 0.000010 0.000010 0.000010 0.000010 0.728363
0.000010 0.000010 0.999910 0.000010 0.000010 0.000010 0.000010 0.000010 0.000010 0.000010
0.000010 0.000010 0.000010 0.000010 0.000010 0.000010 0.000010 0.000010 0.000010 0.999910
0.818970 0.000010 0.000010 0.000010 0.000010 0.000010 0.000010 0.000010 0.000010 0.180950
0.000010 0.000010 0.000010 0.000010 0.000010 0.414158 0.000010 0.315130 0.270643 0.000010
0.078532 0.000010 0.000010 0.000010 0.154451 0.171890 0.000010 0.000010 0.000010 0.595067
0.000010 0.000010 0.826511 0.000010 0.000010 0.000010 0.173409 0.000010 0.000010 0.000010
0.000010 0.000010 0.000010 0.000010 0.000010 0.000010 0.000010 0.000010 0.000010 0.999910
0.000010 0.000010 0.000010 0.000010 0.000010 0.000010 0.000010 0.197243 0.802677 0.000010
0.000010 0.000010 0.999910 0.000010 0.000010 0.000010 0.000010 0.000010 0.000010 0.000010
0.000010 0.000010 0.000010 0.000010 0.000010 0.342281 0.000010 0.000010 0.657639 0.000010
0.000010 0.000010 0.000010 0.293912 0.000010 0.000010 0.000010 0.000010 0.706008 0.000010
0.000010 0.000010 0.000010 0.000010 0.000010 0.000010 0.000010 0.000010 0.999910 0.000010
0.071679 0.243682 0.000010 0.000010 0.000010 0.048457 0.042454 0.157141 0.436548 0.000010
0.000010 0.704747 0.000010 0.187935 0.000010 0.000010 0.000010 0.000010 0.107248 0.000010
0.000010 0.000010 0.000010 0.000010 0.000010 0.000010 0.000010 0.999910 0.000010 0.000010
0.000010 0.000010 0.000010 0.000010 0.000010 0.268735 0.093018 0.217937 0.420250 0.000010
